2060
492943
492944
492946
492947
497282
497283
497285
501966
508228
511130
5483090
6323191
6323208
6440352
6476893
6476894
6476896
6476897
6477668
6477669
6477671
6478232
6478681
6479024
10122331
10122355
10145170
10146320
10233159
10283874
10325977
11456159
11584963
11599683
11600043
11642725
11757719
15547373
15547374
15954032
15954228
15954229
15954233
15954628
15954633
15956553
15959300
20610262
20835681
20835682
22977005
22977012
23559876
23594721
23727975
32045830
32677150
37258247
42627499
44342479
44404017
46398807
46398808
46936345
50984109
51092756
51130907
51166706
51257011
51266980
51270462
52515104
52515106
53831067
54296624
56292104
56296815
56394366
58593544
59016365
59038108
59038148
59217745
60309979
60349670
60590341
61342950
61809103
68012547
69866278
70316404
71752144
73025171
74062695
74241334
78412247
78412248
90325680
90325681
90325839
90325947
90784389
90972871
91060557
91069567
91074287
91085238
91104078
91218291
91328107
91410415
91591182
95147978
95147980
97925580
97925581
100984567
101081093
102019607
102019608
102019610
102021036
102513023
102515539
114274675
117870602
117870603
118536602
118608805
118673114
118698632
118698696
118698708
126456282
126678757
126678768
127049008
127049009
127049319
127050863
127051807
127051808
127051809
127053015
129002154
129047943
129900301
129900302
132031336
133878837
134041500
134693066
135348871
137348504
137349527
137652659
140818698
140818704
141970631
141970667
142066935
142066936
142066941
142066954
142066960
142066961
142066972
142066988
142066993
142066995
142067001
142067002
142067009
142696594
142696597
142696601
142696602
143215513
143215522
143215525
143215532
143436732
143460456
145270533
145297173
145514762
145865291
